k : 16
s : 0.123962
53 54 55 61 84 94 95 104 128 129 142 162 280 
52 124 125 
12 13 16 17 91 152 153 160 161 172 173 184 185 200 201 214 215 217 232 233 244 245 270 271 274 275 281 284 290 291 
42 85 163 198 199 318 319 
8 14 15 64 65 76 77 78 79 134 135 144 218 219 229 309 
20 21 44 106 107 120 121 158 159 234 235 268 269 288 289 296 297 
30 31 223 236 237 252 253 262 263 308 
322 323 
6 7 10 11 38 39 62 63 66 67 74 75 82 90 101 105 112 113 116 117 156 157 208 209 212 213 294 295 310 311 
0 1 24 27 28 29 43 96 97 122 123 196 197 205 304 305 
5 86 87 98 99 118 119 140 141 176 177 192 193 216 220 221 222 276 277 
56 57 58 59 60 88 89 100 300 301 316 317 
25 34 35 49 83 126 127 145 146 147 178 179 306 307 314 315 
70 71 72 73 80 81 92 93 102 103 108 109 110 111 114 115 130 132 133 137 143 148 149 164 165 166 167 168 169 174 175 180 181 182 183 186 187 188 189 190 191 194 195 202 203 204 206 207 226 227 230 231 238 239 240 241 242 243 246 247 248 249 250 251 256 257 258 259 272 273 278 279 282 283 286 287 298 299 312 313 320 321 
2 3 18 19 22 68 69 138 139 150 151 154 155 170 171 210 211 224 225 228 254 255 260 261 264 265 266 267 285 292 293 302 303 324 325 
33 131 
